Score
59.0
59.0
62.0
53.0
67.0
60.0
59.0
64.0
53.0
66.0
56.0
64.0
60.0
59.0
9.0
56.0
51.0
52.0
46.0
56.0
63.0
60.0
56.0
62.0
62.0
61.0
56.0
68.0
62.0
62.0
57.0
54.0
51.0
67.0
64.0
66.0
63.0
59.0
62.0
52.0
60.0
62.0
49.0
64.0
69.0
52.0
56.0
58.0
62.0
62.0
61.0
57.0
59.0
64.0
57.0
54.0
63.0
60.0
49.0
61.0
60.0
56.0
53.0
61.0
60.0
67.0
52.0
64.0
60.0
57.0
56.0
56.0
50.0
63.0
57.0
70.0
62.0
48.0
57.0
60.0
57.0
55.0
68.0
58.0
62.0
59.0
62.0
53.0
54.0
65.0
61.0
63.0
58.0
52.0
65.0
53.0
57.0
60.0
61.0
57.0
66.0
68.0
55.0
52.0
60.0
51.0
66.0
59.0
62.0
54.0
62.0
61.0
56.0
57.0
52.0
50.0
66.0
50.0
55.0
63.0
42.0
63.0
72.0
63.0
54.0
68.0
44.0
57.0
64.0
69.0
49.0
56.0
58.0
54.0
62.0
49.0
59.0
49.0
65.0
72.0
58.0
61.0
56.0
59.0
51.0
64.0
60.0
57.0
62.0
62.0
67.0
50.0
56.0
58.0
66.0
56.0
64.0
73.0
68.0
68.0
54.0
60.0
62.0
53.0
66.0
60.0
56.0
60.0
64.0
64.0
64.0
53.0
56.0
61.0
61.0
61.0
62.0
55.0
60.0
70.0
63.0
65.0
70.0
57.0
68.0
59.0
54.0
57.0
52.0
68.0
50.0
64.0
59.0
65.0
62.0
56.0
65.0
64.0
56.0
59.0
67.0
54.0
57.0
60.0
64.0
63.0
62.0
56.0
45.0
57.0
69.0
60.0
65.0
62.0
57.0
50.0
58.0
53.0
61.0
60.0
64.0
52.0
71.0
57.0
64.0
59.0
55.0
62.0
60.0
56.0
67.0
57.0
55.0
62.0
53.0
59.0
67.0
58.0
61.0
60.0
61.0
63.0
59.0
59.0
65.0
69.0
64.0
58.0
53.0
63.0
52.0
54.0
64.0
62.0
63.0
61.0
53.0
64.0
62.0
72.0
56.0
60.0
49.0
50.0
59.0
61.0
54.0
54.0
65.0
47.0
62.0
55.0
52.0
65.0
61.0
64.0
56.0
52.0
56.0
59.0
58.0
54.0
48.0
61.0
58.0
56.0
64.0
61.0
59.0
57.0
61.0
60.0
60.0
57.0
60.0
68.0
59.0
55.0
59.0
63.0
61.0
52.0
66.0
64.0
46.0
52.0
58.0
57.0
53.0
54.0
50.0
70.0
51.0
61.0
56.0
52.0
69.0
51.0
60.0
56.0
57.0
73.0
55.0
66.0
65.0
65.0
70.0
63.0
55.0
56.0
52.0
57.0
55.0
58.0
58.0
65.0
61.0
52.0
60.0
60.0
61.0
65.0
60.0
61.0
60.0
67.0
59.0
71.0
55.0
52.0
62.0
50.0
53.0
60.0
59.0
51.0
63.0
58.0
56.0
64.0
62.0
66.0
63.0
62.0
51.0
57.0
56.0
57.0
60.0
62.0
60.0
57.0
56.0
64.0
64.0
64.0
65.0
64.0
67.0
63.0
59.0
50.0
57.0
73.0
50.0
67.0
64.0
69.0
72.0
63.0
61.0
65.0
58.0
55.0
66.0
59.0
62.0
62.0
59.0
59.0
56.0
63.0
66.0
55.0
60.0
44.0
54.0
58.0
62.0
64.0
56.0
61.0
67.0
67.0
66.0
52.0
65.0
66.0
55.0
63.0
58.0
53.0
54.0
51.0
65.0
60.0
51.0
41.0
47.0
51.0
43.0
65.0
58.0
60.0
61.0
55.0
58.0
70.0
52.0
52.0
62.0
52.0
67.0
62.0
63.0
65.0
52.0
61.0
62.0
62.0
57.0
66.0
64.0
65.0
69.0
60.0
55.0
66.0
56.0
68.0
56.0
54.0
65.0
58.0
58.0
60.0
67.0
64.0
60.0
66.0
60.0
63.0
52.0
61.0
55.0
62.0
55.0
56.0
57.0
57.0
52.0
55.0
69.0
59.0
62.0
55.0
51.0
61.0
59.0
69.0
61.0
73.0
42.0
44.0
65.0
61.0
63.0
64.0
60.0
60.0
49.0
51.0
57.0
61.0
54.0
65.0
52.0
65.0
61.0
53.0
62.0
65.0
61.0
53.0
70.0
59.0
59.0
60.0
73.0
52.0
62.0
65.0
61.0
57.0
65.0
65.0
61.0
57.0
66.0
59.0
68.0
51.0
62.0
56.0
68.0
63.0
62.0
60.0
43.0
60.0
60.0
65.0
65.0
55.0
62.0
66.0
59.0
63.0
54.0
51.0
59.0
62.0
59.0
56.0
53.0
57.0
52.0
55.0
51.0
61.0
59.0
64.0
68.0
56.0
44.0
62.0
56.0
60.0
61.0
62.0
61.0
58.0
55.0
58.0
63.0
59.0
66.0
66.0
70.0
63.0
60.0
58.0
61.0
69.0
62.0
56.0
62.0
58.0
54.0
60.0
58.0
54.0
77.0
56.0
71.0
61.0
54.0
44.0
50.0
66.0
58.0
64.0
47.0
52.0
67.0
56.0
56.0
61.0
63.0
59.0
68.0
65.0
59.0
74.0
60.0
66.0
69.0
65.0
61.0
54.0
71.0
57.0
64.0
67.0
55.0
48.0
63.0
67.0
56.0
61.0
58.0
62.0
62.0
58.0
54.0
46.0
53.0
64.0
62.0
67.0
65.0
60.0
69.0
68.0
55.0
61.0
61.0
66.0
56.0
55.0
53.0
46.0
54.0
54.0
57.0
36.0
62.0
60.0
62.0
44.0
64.0
52.0
46.0
61.0
54.0
67.0
57.0
51.0
60.0
74.0
42.0
49.0
58.0
56.0
58.0
65.0
49.0
65.0
67.0
53.0
59.0
62.0
63.0
63.0
70.0
61.0
65.0
66.0
61.0
61.0
62.0
57.0
63.0
59.0
62.0
65.0
61.0
58.0
57.0
65.0
55.0
55.0
53.0
66.0
59.0
61.0
61.0
62.0
66.0
62.0
66.0
58.0
58.0
66.0
55.0
49.0
55.0
57.0
56.0
57.0
56.0
62.0
53.0
57.0
73.0
64.0
63.0
56.0
63.0
55.0
65.0
61.0
61.0
65.0
55.0
64.0
67.0
67.0
63.0
65.0
56.0
62.0
66.0
55.0
47.0
63.0
63.0
64.0
64.0
69.0
46.0
66.0
55.0
61.0
53.0
66.0
58.0
67.0
53.0
60.0
58.0
60.0
62.0
66.0
65.0
64.0
57.0
60.0
72.0
45.0
45.0
66.0
62.0
57.0
65.0
71.0
65.0
50.0
59.0
51.0
61.0
59.0
51.0
52.0
63.0
56.0
53.0
63.0
59.0
59.0
58.0
52.0
61.0
60.0
60.0
62.0
55.0
56.0
60.0
63.0
67.0
56.0
60.0
48.0
64.0
68.0
60.0
64.0
57.0
51.0
66.0
64.0
59.0
66.0
59.0
51.0
60.0
58.0
66.0
56.0
65.0
60.0
49.0
66.0
55.0
51.0
57.0
60.0
59.0
47.0
62.0
57.0
66.0
64.0
66.0
67.0
55.0
68.0
50.0
57.0
52.0
55.0
56.0
68.0
55.0
64.0
60.0
63.0
53.0
66.0
63.0
71.0
65.0
55.0
56.0
59.0
62.0
68.0
46.0
58.0
55.0
59.0
63.0
55.0
53.0
56.0
63.0
65.0
45.0
69.0
71.0
60.0
59.0
61.0
59.0
49.0
63.0
63.0
61.0
52.0
69.0
69.0
56.0
62.0
57.0
74.0
46.0
63.0
61.0
58.0
56.0
57.0
62.0
51.0
65.0
71.0
63.0
62.0
54.0
64.0
52.0
65.0
61.0
66.0
64.0
48.0
49.0
62.0
50.0
58.0
60.0
71.0
46.0
53.0
61.0
48.0
60.0
65.0
63.0
51.0
62.0
67.0
65.0
54.0
65.0
59.0
66.0
59.0
64.0
63.0
60.0
61.0
49.0
66.0
52.0
62.0
62.0
57.0
25.0
65.0
65.0
64.0
68.0
49.0
45.0
58.0
60.0
62.0
50.0
66.0
56.0
56.0
69.0
56.0
47.0
52.0
68.0
51.0
61.0
52.0
58.0
65.0
62.0
54.0
71.0
70.0
59.0
48.0
59.0
57.0
48.0
57.0
58.0
49.0
62.0
56.0
67.0
60.0
57.0
67.0
66.0
62.0
61.0
57.0
55.0
61.0
59.0
54.0
57.0
54.0
63.0
61.0
58.0
57.0
56.0
54.0
47.0
46.0
61.0
51.0
